103579147487,517965750923,740394473614,874322969108
106412599337,245486932496,159691293393,643303767622
108263385434,838518897777,863410788818,881221888102
108323458989,864569206985,230657729540,846327432910
110655666573,542449910390,976252818076,311710935941
114098287263,139431538037,398831777422,780085923572
115971461853,850092841083,383270414076,186835632011
122770790280,467406568790,332414036197,553051611336
127764737979,249176755000,538217442255,398429586959
129735056864,786989154526,472272556604,768001365332
133988512530,609016615487,555835092504,286653103834
137665372476,532016472756,388640843028,269059803458
148801099231,256581983269,649935941461,723926865358
151113198479,443012676167,110461047776,490012836483
153248939045,303434642736,184442882578,740196583558
153475475838,757284377710,989891026660,337481861522
156655518136,691107288514,400426099813,561630448869
164536619863,228602622388,963008158162,234779335187
167376505907,967960651733,691257120682,189677923949
175245432438,576434618178,974560950662,107392346019
180898670632,121504532795,303811637060,835482927374
192714774071,104065859697,968186836813,448419273040
196701554198,588817421692,628925694180,772038610975
206102381895,680846683437,644904749626,315579394452
223695071377,123591449855,613286260462,186440753420
225365273147,182769635017,695463039250,327535011025
225787283100,168555717675,532562029839,590637396061
233232869869,781790011113,600495122992,184714452651
242902616690,309982093462,518643075086,643985281520
248149487982,248806304921,807800186739,865124025918
268539500849,510187659008,287705567675,977245829872
272498685649,830596957157,559337349165,876239924058
277771696675,679378776668,506937471410,623817981712
283992463826,277329497665,104795675989,316391439066
285171543554,116114802703,627679185339,538684048729
290323387103,497564530321,148187977702,844660342797
290862821665,217219540740,887499050529,550095711005
294145111045,194212438648,623216383363,434999500324
295826399620,666237310240,100773867774,255294349261
298165592923,425013795032,303789697766,529985899006
300838034946,807214123203,813384915584,290503649784
311246034966,322828738645,112356458070,242777322486
312719230131,133717541375,245947855010,786790632775
313403044253,124065814569,640856022190,593944244856
318011829681,980494450820,424768133474,605577543308
326005592881,303336541921,664894801354,751348910626
328813603218,546348382510,644420133051,925533453891
330555454367,527735334321,308714131198,498059481198
341288946511,131370341603,660308125556,587486809897
358408724705,878186569124,262655296351,232558764451
361616602369,247531377640,893960797945,194011814627
382344796823,915532438690,783478550896,623195291956
382879750829,176956181763,968938547929,932107095694
385028392836,618283638540,959407078751,795005314950
388564204146,780575376780,533510053889,848890529035
388825667679,549363025607,422785423742,126548744231
394899065239,527457478158,168039902163,992558498097
396228928848,962817944471,360755719387,501928523464
398851136400,367350674314,828016640974,233513786705
403127540235,570199928857,544600853023,284624022130
403955734598,874744464720,575789300483,139318258454
406916026992,784546118037,363831750020,468822507048
407000082612,914221541716,928742796478,118420096065
407867324811,355260918969,440256267468,774025921965
408263245312,785217437925,652750805990,272223536931
408578600179,952326296049,436248672293,399258602711
416746702933,463363476677,380613895882,276107166413
417946377577,432919695192,597483882635,612166572590
418297589404,533492028397,193822313054,714743116045
424955497221,212711745578,435308837359,935748425318
425213079493,177426947065,477468036340,232808222841
426374033695,307999940779,315059204734,288972791908
427152025698,762626838198,228915577038,223835244844
429140207828,782223088395,415110614451,589508818132
434609353997,188559197551,828148325314,834159588733
449818194374,447677083634,297743282247,805515594708
450107901617,819106705667,239169453733,261506252969
457517339419,991899157099,721251510855,610031352656
459905538364,984720862952,197264729868,833488931352
467983478464,879662445596,538385793438,568232165309
470113134534,287401868681,863479326904,393465115557
471086673888,213931162414,184274230103,357066733924
480638101859,977202146339,241604286133,270943578349
481841609028,455863522781,624389929836,526744952594
485922589195,368755967887,539531724346,143192866139
487201881962,856766012446,618385540664,570208435845
503297622625,283354384174,711279289835,274228595528
512065301474,490031275063,870089309298,566242464594
515556495839,358803273433,826472120963,157916554337
516855912913,534840026478,207779655420,140691135730
521476502590,200635286094,415508242546,600214283242
523801014190,691124968294,832181988862,725471196378
530764638255,472030921310,468774093349,110375079634
535782753743,222365062515,946265015071,740411791116
536842455734,765677961526,921311059402,612564136762
536997516549,731300359865,467196783670,124691016427
546069052468,654057121102,258418213232,408209947093
562450290609,225595152233,512764906037,647661010087
563878435202,293795823956,636846939534,953694488957
568719030773,202626133672,642419190079,428272111052
571842964677,307892567280,966715879116,947632729863
573916475995,710892913932,983340161754,516447329115
577719563645,675935642206,482434081364,786912191047
582812758665,592293209874,999487215674,707931353888
583265583040,244135328886,157389758739,305575502436
591808776043,400428544989,841618693510,991496286303
592403453018,704467067922,671393545840,601066058048
604588912502,227077110147,422751510291,112983326221
613007727743,404568072637,437813585172,385629642258
623877162847,742970870690,268746774062,120367940943
624916570186,760405401054,253882610061,772648792815
625170692280,530052225571,647051910422,607233179827
626019036455,260512689561,935142374453,196348067124
629368903922,343258057913,968559118543,362065179539
640522487276,713595765650,243226394802,219251448417
641011627253,377008943073,407011385760,943450227960
642997522181,841314898727,400931771027,189450124718
643562024423,584122830018,779432930429,240484290047
646247896743,264623436280,704102831405,298976004082
647198446016,419403447203,374523117683,923995302321
648421716483,522327671870,305608402075,850692211046
660056549287,566990648944,464749184206,501258496985
666339218677,534856118979,432768253705,364696795444
667601017566,607669370928,645515136117,273646185612
670043471745,345114879177,183228735495,766846260677
682234835244,150338717361,470124480421,404754880176
685535669220,916695845954,823787655844,336571195250
685591008991,111671735903,254799482518,689801080554
690109592835,589745259903,111822997076,102446423177
692141048064,560988574009,690872091046,284386582526
694108601206,303972542819,691341354845,717512135226
694820231156,786174738846,646808977868,342982170365
696267230633,132423740364,210348634259,763607066321
705272527475,907574322107,937163283634,171129668891
705343988192,241529491628,647797693119,869754615935
707074977404,666971122691,740097577086,341192797696
707645350413,217841690675,230191561517,833261374611
709546839958,412463005759,359858505406,489666513798
710471122017,106026568760,307527848850,675134306554
711609464353,801222884491,978538197884,561954250950
716073260050,608619052544,711826390049,890648857840
718443444927,139003839831,585293386616,681913641040
723644074520,173883669295,161180900732,897601692291
725476130374,535459807885,119375176284,294998146540
730368398717,461599464512,215085695731,467189176223
735489186192,951215062438,773781281040,562730971500
743677519119,255212790649,284236058366,663877689947
749503956354,761119236001,898121036256,429562028808
751371076175,199375684289,919461818659,704391475264
762699601516,983904077232,937268071551,248555085537
770868335153,450388695980,911767326494,286373382731
773563416173,755698894124,767829792654,296042858236
775834255449,364842547543,148582790038,832373127495
777139878917,792838963416,264145293043,398561943211
777433127576,798698228493,664166352306,223328390863
783020517590,371005039771,315324145097,163490453541
784794334563,205342141944,773467067802,477585232279
787443901491,287885422468,327088118122,785062056475
789160174777,800114471229,334693378732,538946805950
791003719087,582722948742,110319744578,949880299097
797480306695,119598643654,480646529983,797088498179
799571327627,808593843729,747821880282,286954423420
802481618999,735458119844,236639091234,452514958315
802969074984,429913083603,246737312230,317342760621
804370477356,662920147442,171981997249,651253743234
805438144495,199996090007,471340487137,383294645945
811757535323,509954780389,365878729542,605035758105
816408184336,408660071422,654711258822,491182872807
816859588373,821015739689,707126646886,768734249772
822057006348,647357014170,537891641503,161530335910
822761970776,367081102425,347820649178,896631639814
827656372688,680585128270,156433258859,939545273415
839162153958,116693410629,180658398845,998686742464
848304711762,699326464891,907161991481,604791661033
850800005415,828803982650,667396613585,914656213519
850878653924,554760040566,100593805143,232838439593
854920220404,243342008929,123909237147,785291282101
859122033132,814574446595,959893278875,633079667931
881205490487,291829587512,325037432664,409410501593
883478246384,979634323039,880429924963,627997729447
890813074752,977607942907,215478879443,265850704539
903869847739,432673311456,245883078188,873186015082
905837286217,169826679452,261805709399,863933860373
906691456956,382872840510,677054077594,490351209065
906904912189,270898427367,434873465352,882055662676
907352324229,300258078839,353090475664,559625626972
919504603380,939632788637,222901554098,338062213376
933394873057,732304451063,725256896117,261703637695
947680760259,702711554025,820811647814,895058815553
954968357019,159082023175,594481128182,714281186660
955399774651,448854429278,119472086950,952621652756
957154460838,459263790369,263763720648,927297091986
963001374210,612298360819,268326581811,200514048414
971511529177,338197480928,972627579622,821452570754
989319091105,990906485156,583252875858,153602538078
996715349428,208488326631,161714495774,374418272616
100148648572,903768236356,183597373040,146501173215
101156281805,364107747675,500649010566,552112410918
102917178233,670814801619,704020501887,586607865269
106515789198,583741726819,729231064531,931905079071
108728891619,978374936786,135116657991,149191177803
108981946838,394788158058,363295649300,587197170404
118338283764,831496445129,680542372679,104864327133
119686934880,627222367023,462720544735,491361431160
130848707803,249300884348,795432521330,842891119754
135537481063,167426886170,760904043497,583243137153
139570775699,719349435723,844815161594,411431231134
143698569556,627380409015,379288546378,695147227053
148574433170,729636264453,636884043089,386709536326
150865657861,285536755157,556744089151,990973348593
156680645788,263409352186,380243412954,399118765912
157600819597,181437617105,546379190755,891359821785
167506850841,127180693863,251786796323,616401186831
167838068763,190892442785,915479449996,744350155684
170759638836,746127149236,396183554035,130086952127
170888985051,483476942818,832023285812,642248611400
172490101341,486458505263,372765012653,847789479365
175021177467,215314072976,763783457634,899829939517
177355404225,927706860260,133494624335,377691530001
187351762585,552221156265,465499598625,756439404813
188845111731,382419993461,451968249917,882064672688
193643353393,291296470362,200857029249,134422917649
198045351243,464017714273,210261342562,663920404203
205044897529,640512854594,777498101938,151116726540
218137563108,471367319801,254677908083,739568285944
219266983810,606800419382,627774554137,410422509308
221383581064,799849522414,196097842084,670243510343
224219129615,898865718038,853224939155,384356764787
231737780885,478267243704,764762777102,847114648562
232269447262,656681163694,509449327936,137361334314
236375704960,986831085273,966448672929,310889917111
236400043906,111469759908,324228176966,628662970846
239660125528,926022139340,840890020922,705842089375
240793599825,852110120823,348167026143,646216127111
242278902638,653672184894,152863264195,276760398597
247234735812,581108998383,948747181529,960465032789
249250290399,469168828588,328381828115,686997620190
249676685771,920281833164,513905349183,961764058989
257310639877,823182919441,947055091863,380308444969
261139321388,253981140757,720198966096,307000835922
261522142415,486573663641,302528553887,269533315561
288492567577,482046690012,300152446141,170399961225
292174410851,120323301930,838571846587,733295314689
303702570318,781370840358,951172134777,283483995939
308800740413,853997302986,323498694507,367372129865
317471058800,374862126360,359630312954,230641326842
320502253244,474873300158,254962380970,308496516126
321595604869,607979270789,870799568344,670897321635
323870836401,778349330255,308553163922,283958115451
324041647626,467344754546,427930450842,947332984990
326802741305,357026825944,716131801472,296982964679
355102383503,191755544614,185932384671,710768894001
367566538107,221281014856,212811117519,654828668970
370898564018,972812033801,834561111464,433638190986
375432101661,330589442781,848373811079,730501715351
387372830347,152457842091,458028081216,368473542447
389188016613,637672494184,476736445313,637867536379
389303778046,422270322361,650495740608,567790993982
393430849248,906574614961,782909773645,257327986816
393565554758,765876254796,230295001707,201341562004
399313718244,734952676404,649649749851,725600460652
404289669548,448000725519,650643894374,916714621031
409264011223,655858353891,725908032198,940333708354
415206151023,370238164013,318704258935,326132438672
415798070273,175812956880,130674989030,480750441025
418288614320,758920252990,602249737205,317395863969
418356586310,632258754605,725429257262,184180688856
419081813214,814407844830,666187261613,252908976376
424012943468,182467249757,294027021929,310617113634
429438715335,510975519049,192951586968,421916690542
430805391151,797898348204,364075029249,900864361536
431547010357,411304997175,125739714728,729144903660
432187272800,457510892157,902044675319,674024269824
434655381656,790769703137,871060042255,535868053146
436577966081,561520661988,562950625099,849521571359
439464673582,398148415396,842529570366,322644066906
444670922634,309151217489,736203936547,793533387307
450088694273,540004001155,886485156221,507759374959
469704934142,209316227058,866937007862,110882563567
473011906142,548019049266,674887314728,967934147659
473921563242,298063524862,436204737666,138921450173
477630875861,999678620161,756335004918,940552404080
482421283943,480065366730,208713187643,592333850360
487659026325,219859363810,751755486825,894625915556
487853218522,799080089132,663901966332,850559427843
493010134162,842206712825,980834171271,990854811548
498134729442,804863394799,265792752064,127276691447
510993182876,961362772670,478762814781,879515173244
528888378942,862093160956,714505595774,830682022548
539155590654,809573838373,762225623534,669872928152
542977166166,666807303452,739524929638,101734783477
543500963247,960738248905,489302087072,345540849256
544250601105,579866654528,399034543751,868819550827
548885221133,499483860716,719765729831,705868209369
552800552193,936669985476,993634568744,895944439952
556245664355,364388237152,213747211247,807898035300
559966818569,288332524228,954812453281,237600169205
566614173669,746661077453,379225216891,924482325657
576877793310,917328234392,621905977319,581773903814
580050548305,433794390134,875094450433,143525669122
581810918094,729760071218,591469601875,542134112085
585646997604,346368283150,497500656840,497608892233
595420516550,795203679965,787976650424,855686830771
598460957469,583589309646,901175278909,808819492531
598542876045,357569979842,389107245042,246778495435
603847775868,129949368325,250446170035,195851308550
604977333978,661525765852,740832268027,414987257708
607831132161,943619255281,513329871594,718972262027
608509875908,845799891481,154390911291,101045559534
615166904256,156674065897,166709986177,553049472156
618202278580,378950704695,464922582817,992512467513
623324219697,306713628559,748167328368,663587744166
628991086180,606357921411,997546244453,652280870273
632837693580,747350505732,734358228147,733747803379
637660919745,797779324996,788492093111,601998952615
638022944988,165963477817,371215780365,734681855951
639502546425,870092148793,174177762945,296115671127
640611261798,782600599517,674666630728,287169878271
647140268669,229948105083,957735137308,405080149771
655893790205,900334377152,655314508628,200976716685
659305995289,946436151788,114579981851,105040148201
661765405186,397649212182,137766912496,379927456258
665337180613,544901906005,328202531949,676535232011
674294344648,833445545530,154785957209,947819173200
675203826651,621220215159,507854433296,715349643695
678690337340,877842189693,383645122580,993439795092
679494833996,452641399189,754169303429,205923723357
682657547047,895480183647,407287397273,859966030679
687098204271,301978430600,945034305824,748340711565
691043875423,367099814114,587423212771,365314079360
706801564121,287317566187,797403244819,305713664422
707380954672,940514497595,371493843684,576074658585
709409702609,937418988972,639649142711,987913756465
709552458348,216398087236,515323246240,139184981668
716453391095,739882443253,863327061326,586229657528
718532898925,247662871374,833703831068,609303170758
727223346870,930784658228,674395039616,306222982593
732556134412,623853106416,188945367055,920831514350
739655246775,870864034671,261691617823,382770577994
748435444499,189016816698,412284501668,458160622205
765242886527,212076876469,632597146796,492527993793
765777056015,489789159440,912628109892,552732832251
770914553490,825500768439,198645593134,310394177826
776413000323,312965338435,248031408841,140042028475
781228305971,508006015749,255566215351,533333885263
782681037037,411420788770,347592688327,519658788854
785848379231,541182414596,583860560281,236792260123
786017235736,684043802699,111157083600,847062750069
793104924618,251664048789,418564129708,828898256486
806098173328,198142025303,768835338866,267145247514
813643952268,345620827015,758447255662,145417811380
814393775566,146918853100,924428620788,370547611859
814530983812,458755901244,831477025648,131652397328
816827054225,672976415827,613036286354,649444648622
825554864708,138420320958,234170606304,559605599404
830345295656,256624327837,472382284375,757936094534
830552023751,626311720894,923293227089,953773852554
832445343211,187541326889,258965798142,718202742589
837616496200,863380289321,588933131801,959335205780
849239886642,719748518477,305173714519,849839266835
849525343304,962786531367,682087873878,906549708043
849765387816,221750318241,668426111496,238018403072
851799049727,197384969833,342904483193,880283925769
853658737843,994409618542,907307725770,937825300214
854513898206,229490192994,946319791351,279550191326
863450620282,377646956767,489528570580,629493574400
865132678801,263733823199,266829246109,612820413748
879115892038,560732322431,259500276044,872870323395
884757431106,668916543907,522121566925,206852176624
885121706826,831095235103,311345491731,293843406995
885851738090,203822771496,605798663444,536300354553
888363796651,203050611173,861956076208,770996449194
890310137429,148967550540,733216346181,746055640901
896178697219,532192340480,719870645007,335009707150
897698502452,221604134742,702426012497,382601795443
899469230941,961850664127,576532011316,711119579464
903516277343,875017553874,710131110763,790097154665
908825120070,574050631685,924526578124,704750304134
913979799009,205515342149,341923328713,542501932004
923937692974,806361629386,720570847587,451394668436
927254214778,487502697360,791843379154,117339653889
934665972091,615115953791,646302561173,910713133629
946984513319,780963315797,511680498297,163317796904
948120184992,137630845530,976038028887,544619045016
948815307408,978649894446,172795787704,764627772562
956246651802,563359080350,685146022279,414014787347
971848133524,818857811689,916898922460,986120368479
976232359355,778064640723,195259612430,613649872525
978696449070,912268050105,951079464269,722592956349
979757807961,489651761094,858321105763,626192527551
984095805343,809284060355,301883885588,665495544199
998941307209,758482273933,118901339491,813802266130
